team,waiver_gw,player_in,player_out,waiver_or_free,next_gw,player_in_pts,player_out_pts,net_pts
Lulla XI,8,Johnstone,Flekken,w,9,1,6,-5
Masala Pan FC,8,Edouard,Darwin,f,9,1,4,-3
Dandandania,8,Mitchell,Zouma,w,9,-1,0,-1
Bald is Best,8,Gakpo,Nketiah,w,9,0,0,0
Bald is Best,8,Broja,Gakpo,f,9,0,0,0
Lulli XI,8,Richarlison,Doku,w,9,6,6,0
Lulli XI,8,Cunha,Wilson,w,9,7,6,1
Walid Sb,8,Castagne,Estupi√±an,w,9,1,0,1
Walid Sb,8,Martinez,Areola,w,9,3,1,2
Masala Pan FC,8,Hee Chan,Johnson,w,9,4,1,3
Dandandania,8,Solanke,Amdouni,w,9,7,2,5
Masala Pan FC,8,Lascelles,Tarkowski,f,9,6,0,6
Lulli XI,8,Douglas Luiz,Diogo J.,f,9,15,3,12
